local Library = loadstring(game:HttpGet("https://raw.githubusercontent.com/xHeptc/Kavo-UI-Library/main/source.lua"))()
local Window = Library.CreateLib("TuNaFish Hub", "Midnight")

-- test

local Tab = Window:NewTab("AutoFarm")
local Section = Tab:NewSection("AutoFarm")



Section:NewToggle("Spam Skill", "ToggleInfo", function(state)
    _G.SpamSkill = state
    while _G.SpamSkill do wait()
        -- Script generated by R2Sv2
        -- R2Sv2 developed by Luckyxero
         
        local A_1 = "UseP"
        local A_2 = 
        {
            ["External"] = 
        {
            ["MouseP"] = CFrame.new(127.625923, 84.2325134, 232.999939, -0.992927253, 0.0310472511, -0.114593655, -3.72529074e-09, 0.965202034, 0.261505485, 0.118725061, 0.259655923, -0.958375275)
        }, 
            ["Key"] = "Q"
        }
        local Event = game:GetService("ReplicatedStorage").RSPackage.Events.GeneralFunction
        Event:InvokeServer(A_1, A_2)
        
        
        
        -- Script generated by R2Sv2
        -- R2Sv2 developed by Luckyxero
         
        local A_1 = "UseP"
        local A_2 = 
        {
            ["External"] = 
        {
            ["MouseP"] = CFrame.new(127.625923, 84.2325134, 232.999939, -0.992927253, 0.0310472511, -0.114593655, -3.72529074e-09, 0.965202034, 0.261505485, 0.118725061, 0.259655923, -0.958375275)
        }, 
            ["Key"] = "E"
        }
        local Event = game:GetService("ReplicatedStorage").RSPackage.Events.GeneralFunction
        Event:InvokeServer(A_1, A_2)
        
        
        -- Script generated by R2Sv2
        -- R2Sv2 developed by Luckyxero
         
        local A_1 = "UseP"
        local A_2 = 
        {
            ["External"] = 
        {
            ["MouseP"] = CFrame.new(127.625923, 84.2325134, 232.999939, -0.992927253, 0.0310472511, -0.114593655, -3.72529074e-09, 0.965202034, 0.261505485, 0.118725061, 0.259655923, -0.958375275)
        }, 
            ["Key"] = "R"
        }
        local Event = game:GetService("ReplicatedStorage").RSPackage.Events.GeneralFunction
        Event:InvokeServer(A_1, A_2)
        
        
        -- Script generated by R2Sv2
        -- R2Sv2 developed by Luckyxero
         
        local A_1 = "UseP"
        local A_2 = 
        {
            ["External"] = 
        {
            ["MouseP"] = CFrame.new(127.625923, 84.2325134, 232.999939, -0.992927253, 0.0310472511, -0.114593655, -3.72529074e-09, 0.965202034, 0.261505485, 0.118725061, 0.259655923, -0.958375275)
        }, 
            ["Key"] = "T"
        }
        local Event = game:GetService("ReplicatedStorage").RSPackage.Events.GeneralFunction
        Event:InvokeServer(A_1, A_2)
        
        
        -- Script generated by R2Sv2
        -- R2Sv2 developed by Luckyxero
         
        local A_1 = "UseP"
        local A_2 = 
        {
            ["External"] = 
        {
        }, 
            ["Key"] = "Y"
        }
        local Event = game:GetService("ReplicatedStorage").RSPackage.Events.GeneralFunction
        Event:InvokeServer(A_1, A_2)
        
        
        
        -- Script generated by R2Sv2
        -- R2Sv2 developed by Luckyxero
         
        local A_1 = "UseP"
        local A_2 = 
        {
            ["External"] = 
        {
        }, 
            ["Key"] = "U"
        }
        local Event = game:GetService("ReplicatedStorage").RSPackage.Events.GeneralFunction
        Event:InvokeServer(A_1, A_2)
        
        
        -- Script generated by R2Sv2
        -- R2Sv2 developed by Luckyxero
         
        local A_1 = "UseP"
        local A_2 = 
        {
            ["External"] = 
        {
        }, 
            ["Key"] = "F"
        }
        local Event = game:GetService("ReplicatedStorage").RSPackage.Events.GeneralFunction
        Event:InvokeServer(A_1, A_2)
        
        
        -- Script generated by R2Sv2
        -- R2Sv2 developed by Luckyxero
         
        local A_1 = "UseP"
        local A_2 = 
        {
            ["External"] = 
        {
            ["MouseP"] = CFrame.new(127.420906, 83.4623413, 232.999939, -0.98872304, 0.0413407236, -0.143936336, 3.7252903e-09, 0.961141944, 0.27605471, 0.149755538, 0.272941649, -0.950303257)
        }, 
            ["Key"] = "G"
        }
        local Event = game:GetService("ReplicatedStorage").RSPackage.Events.GeneralFunction
        Event:InvokeServer(A_1, A_2)
        
        
        
        -- Script generated by R2Sv2
        -- R2Sv2 developed by Luckyxero
         
        local A_1 = "UseP"
        local A_2 = 
        {
            ["External"] = 
        {
            ["MouseP"] = CFrame.new(128.260895, 83.4675827, 232.999939, -0.990126669, 0.0436882749, -0.133193746, -0, 0.950191259, 0.311667889, 0.14017573, 0.30859068, -0.940809608)
        }, 
            ["Key"] = "H"
        }
        local Event = game:GetService("ReplicatedStorage").RSPackage.Events.GeneralFunction
        Event:InvokeServer(A_1, A_2)
        
        
        -- Script generated by R2Sv2
        -- R2Sv2 developed by Luckyxero
         
        local A_1 = "UseP"
        local A_2 = 
        {
            ["External"] = 
        {
            ["MouseP"] = CFrame.new(127.261177, 84.3519745, 232.999939, -0.988322854, 0.0466954522, -0.145043269, -0, 0.951886296, 0.306451678, 0.152374595, 0.302873194, -0.940770864)
        }, 
            ["Key"] = "J"
        }
        local Event = game:GetService("ReplicatedStorage").RSPackage.Events.GeneralFunction
        Event:InvokeServer(A_1, A_2)
        
        
        
        -- Script generated by R2Sv2
        -- R2Sv2 developed by Luckyxero
         
        local A_1 = "UseP"
        local A_2 = 
        {
            ["External"] = 
        {
            ["MouseP"] = CFrame.new(128.698746, 84.8293228, 232.999939, -0.987905681, 0.0357772075, -0.150872141, -0, 0.973016143, 0.230737105, 0.155056149, 0.22794649, -0.961248159)
        }, 
            ["Key"] = "K"
        }
        local Event = game:GetService("ReplicatedStorage").RSPackage.Events.GeneralFunction
        Event:InvokeServer(A_1, A_2)
        
        
        -- Script generated by R2Sv2
        -- R2Sv2 developed by Luckyxero
         
        local A_1 = "UseP"
        local A_2 = 
        {
            ["External"] = 
        {
        }, 
            ["Key"] = "L"
        }
        local Event = game:GetService("ReplicatedStorage").RSPackage.Events.GeneralFunction
        Event:InvokeServer(A_1, A_2)
        
        
        -- Script generated by R2Sv2
        -- R2Sv2 developed by Luckyxero
         
        local A_1 = "UseP"
        local A_2 = 
        {
            ["External"] = 
        {
            ["MouseP"] = CFrame.new(127.506927, 82.3041, 232.999939, -0.986608148, 0.058969304, -0.152076244, -3.72529074e-09, 0.932359457, 0.361532986, 0.163109064, 0.35669139, -0.919873238)
        }, 
            ["Key"] = "B"
        }
        local Event = game:GetService("ReplicatedStorage").RSPackage.Events.GeneralFunction
        Event:InvokeServer(A_1, A_2)
        
        
        -- Script generated by R2Sv2
        -- R2Sv2 developed by Luckyxero
         
        local A_1 = "UseP"
        local A_2 = 
        {
            ["External"] = 
        {
        }, 
            ["Key"] = "N"
        }
        local Event = game:GetService("ReplicatedStorage").RSPackage.Events.GeneralFunction
        Event:InvokeServer(A_1, A_2)
        
        
        -- Script generated by R2Sv2
        -- R2Sv2 developed by Luckyxero
         
        local A_1 = "UseP"
        local A_2 = 
        {
            ["External"] = 
        {
            ["MouseP"] = CFrame.new(127.330437, 83.5027313, 232.999939, -0.992658317, 0.036606241, -0.115279958, -0, 0.953101754, 0.302649945, 0.120952412, 0.300427973, -0.946104407)
        }, 
            ["Key"] = "M"
        }
        local Event = game:GetService("ReplicatedStorage").RSPackage.Events.GeneralFunction
        Event:InvokeServer(A_1, A_2)
        
        end
        
end)